r1,r2,r3,val
0.3,0.7,0.0,0.8732041666666666
0.1,0.9,0.0,0.7470833333333334
0.2,0.7,0.1,0.8339416666666666
0.4,0.1,0.5,0.8579541666666666
0.9,0.0,0.1,0.8555250000000001
0.3,0.5,0.2,0.8592666666666667
0.0,0.7,0.3,0.8593958333333335
0.5,0.1,0.4,0.8422375
0.5,0.3,0.2,0.8549416666666666
0.2,0.4,0.4,0.8326458333333333
0.1,0.3,0.6,0.8637999999999998
0.0,1.0,0.0,0.8335208333333334
0.7,0.0,0.3,0.8530208333333332
0.4,0.2,0.4,0.8425249999999999
0.0,0.6,0.4,0.8781
0.0,0.2,0.8,0.8749125000000003
0.3,0.0,0.7,0.8413624999999999
0.2,0.5,0.3,0.8841
0.6,0.0,0.4,0.8720458333333333
0.9,0.1,0.0,0.8461791666666668
0.4,0.3,0.3,0.8416083333333334
0.5,0.5,0.0,0.8600041666666668
0.6,0.1,0.3,0.8596916666666665
0.4,0.4,0.2,0.8441208333333332
0.1,0.8,0.1,0.8543416666666669
0.1,0.2,0.7,0.83615
0.1,0.7,0.2,0.8310208333333335
0.3,0.6,0.1,0.8033750000000001
1.0,0.0,0.0,0.8189958333333333
0.0,0.3,0.7,0.8739750000000001
0.6,0.3,0.1,0.8220541666666664
0.3,0.1,0.6,0.82715
0.1,0.0,0.9,0.8504999999999999
0.3,0.2,0.5,0.8061249999999999
0.5,0.2,0.3,0.8777958333333334
0.8,0.2,-0.0,0.8356666666666666
0.1,0.6,0.3,0.8437416666666667
0.0,0.5,0.5,0.862625
0.4,0.0,0.6,0.8752958333333334
0.3,0.3,0.4,0.8763000000000001
0.0,0.4,0.6,0.7943458333333332
0.7,0.1,0.2,0.8219791666666668
0.2,0.6,0.2,0.8371541666666665
0.5,0.4,0.1,0.8165291666666663
0.7,0.3,0.0,0.8480041666666668
0.3,0.4,0.3,0.8474250000000002
0.0,0.1,0.9,0.8443333333333333
0.8,0.1,0.1,0.8517250000000001
0.0,0.8,0.2,0.8423416666666665
0.1,0.1,0.8,0.8099458333333334
0.2,0.3,0.5,0.8519791666666671
0.1,0.4,0.5,0.8622750000000002
0.6,0.2,0.2,0.84375
0.0,0.9,0.1,0.8415541666666666
0.2,0.0,0.8,0.8585333333333334
0.8,0.0,0.2,0.7683749999999999
0.1,0.5,0.4,0.7888791666666667
0.7,0.2,0.1,0.8594416666666667
0.0,0.0,1.0,0.8176166666666664
0.2,0.1,0.7,0.8110166666666668
0.4,0.6,0.0,0.8429416666666668
0.2,0.2,0.6,0.8075791666666664
0.4,0.5,0.1,0.8749666666666668
0.2,0.8,0.0,0.8313458333333332
0.5,0.0,0.5,0.8286625
0.6,0.4,0.0,0.8563541666666667
